74 45
3900 3900 3900 3900 3900 3900 3900 3900 3900 3900 3900 3900 3900 3900 3900 3900 3900 3900 3900 3900 3900 3900 3900 3900 3900 3900 3900 3900 3900 3900 3900 3900 3900 3900 3900 3900 3900 3900 3900 3900 3900 3900 3900 3900 3900 3900 3900 3900 3900 3900 3900 3900 3900 3900 3900 3900 3900 3900 3900 3900 3900 3900 3900 3900 3900 3900 3900 3900 3900 3900 3900 3900 3900 3900 
3900 0 0 0 0 0 0 0 0 0 0 0 0 0 0 0 0 0 0 0 0 0 0 0 0 0 91 287 1587 1310 1456 1293 1348 1196 1311 1363 1270 1261 1276 1265 1108 1126 1117 1116 1116 1116 1116 1116 1116 1129 1147 1689 1498 489 55 0 0 0 0 0 0 0 0 0 0 0 0 0 0 0 0 0 0 3900 
3900 0 0 0 0 0 0 0 0 0 0 0 0 0 0 0 0 0 0 0 0 26 351 511 1221 1474 1772 2212 1488 299 319 218 261 254 250 511 512 499 506 408 216 217 214 211 209 211 209 211 212 215 191 455 1220 1858 1835 743 0 0 0 0 0 0 0 0 0 0 0 0 0 0 0 0 0 3900 
3900 0 0 0 0 0 0 0 0 0 0 0 0 0 0 0 0 0 52 262 1260 1844 1631 1544 1205 1017 502 284 229 191 147 64 69 15 17 32 27 22 24 12 3 3 4 5 5 5 5 4 4 5 3 40 93 306 728 2297 2121 212 0 0 0 0 0 0 0 0 0 0 0 0 0 0 0 3900 
3900 0 0 0 0 0 0 0 0 0 0 0 0 0 0 0 3 535 1761 1903 1501 699 274 186 192 148 156 142 111 21 3 1 1 0 0 0 0 0 0 0 0 0 0 3 0 0 0 0 0 0 0 1 2 5 100 299 1209 2657 474 0 0 0 0 0 0 0 0 0 0 0 0 0 0 3900 
3900 0 0 0 0 0 0 0 0 0 0 0 0 0 0 193 1961 2696 700 441 146 160 73 56 5 6 3 11 164 117 4 6 1 0 0 0 0 0 0 0 0 0 2 3 8 29 3 4 0 0 0 0 0 0 1 21 197 561 2477 540 0 0 0 0 0 0 0 0 0 0 0 0 0 3900 
3900 0 0 0 0 0 0 0 0 0 0 0 0 0 494 2940 1282 377 268 19 3 0 2 1 2 13 314 767 477 478 768 255 8 0 0 0 0 0 0 0 0 0 5 329 619 462 616 388 7 1 0 0 0 0 0 1 6 124 564 2476 1186 4 0 0 0 0 0 0 0 0 0 0 0 3900 
3900 0 0 0 0 0 0 0 0 0 0 0 0 324 2780 479 405 127 9 1 0 0 0 0 9 673 1060 1129 1532 1508 1095 1119 519 6 0 0 0 0 0 0 0 3 934 963 964 1114 1010 912 992 4 2 0 0 0 0 0 1 5 102 453 2119 1807 5 0 0 0 0 0 0 0 0 0 0 3900 
3900 0 0 0 0 0 0 0 0 0 0 0 57 2571 946 326 36 2 0 0 0 0 0 3 342 1063 3266 2981 845 897 3192 3044 1121 248 5 0 0 0 0 0 4 736 720 3646 2675 1393 2584 3644 641 731 6 1 0 0 0 0 0 0 1 46 275 1965 1006 0 0 0 0 0 0 0 0 0 0 3900 
3900 0 0 0 0 0 0 0 0 0 0 576 2700 1358 264 4 2 0 0 0 0 0 0 15 812 1272 2971 0 730 206 0 3192 1143 859 18 4 0 0 0 1 135 977 2639 1856 0 491 30 1634 2857 1068 164 6 1 0 0 0 0 0 0 3 35 553 2335 163 0 0 0 0 0 0 0 0 0 3900 
3900 0 0 0 0 0 0 0 0 0 1501 2661 727 255 6 0 0 0 0 0 0 0 2 159 512 1983 631 730 1905 2680 206 753 1851 497 138 4 0 0 0 3 477 822 2904 52 659 1977 1358 0 2947 843 624 4 0 0 0 0 0 0 1 0 1 147 1282 1939 0 0 0 0 0 0 0 0 0 3900 
3900 0 0 0 0 0 0 0 0 1799 2478 217 222 6 0 0 0 0 0 0 0 0 3 233 421 1656 379 1699 2680 1741 1950 513 1563 392 166 4 0 0 0 3 558 918 1952 150 1950 607 1980 873 1951 912 572 4 0 0 0 0 0 0 0 1 0 10 298 2075 1139 0 0 0 0 0 0 0 0 3900 
3900 0 0 0 0 0 0 0 851 2647 217 140 3 2 0 0 0 0 0 0 0 0 1 66 747 1760 1339 0 1755 1950 61 1589 1627 773 64 5 0 0 0 3 572 848 2866 37 181 1950 887 18 2750 881 611 3 0 0 0 0 0 0 0 0 0 0 79 336 2672 477 0 0 0 0 0 0 0 3900 
3900 0 0 0 0 0 0 9 2507 887 178 5 1 0 0 0 0 0 0 0 0 0 0 2 669 842 3900 589 8 19 584 3900 778 689 10 0 0 0 0 1 157 1022 2799 1483 0 14 0 1101 3015 925 201 5 0 0 0 0 0 0 0 0 0 0 2 253 1015 1705 0 0 0 0 0 0 0 3900 
3900 0 0 0 0 0 0 1111 1706 242 4 1 1 0 0 0 0 0 0 0 0 0 0 1 42 1298 793 3287 2349 2302 3332 728 1317 25 2 0 0 0 0 0 4 766 622 3708 2340 1080 2089 3850 592 833 5 0 0 0 0 0 0 0 0 0 0 0 1 48 553 2199 233 0 0 0 0 0 0 3900 
3900 0 0 0 0 0 0 945 1148 79 1 0 0 1 0 0 0 0 0 0 0 0 0 1 4 40 975 842 839 808 952 996 31 5 0 0 0 0 0 0 4 4 1072 865 1135 1184 1180 929 1132 6 2 0 0 0 0 0 0 0 0 0 0 0 0 4 234 1385 1454 0 0 0 0 0 0 3900 
3900 0 0 0 0 0 0 563 1241 282 89 35 42 46 50 46 12 20 1 0 0 0 0 0 2 3 16 294 618 575 356 6 4 0 0 1 1 0 0 0 2 2 7 415 645 402 700 557 6 1 0 0 0 0 0 0 0 0 0 0 0 0 0 2 92 1070 1355 0 0 0 0 0 0 3900 
3900 0 0 0 0 0 0 284 877 1117 860 231 406 573 530 570 325 284 163 109 21 1 1 1 1 1 2 7 8 8 6 1 1 1 2 33 63 57 56 57 53 57 27 5 3 50 26 8 3 1 1 1 1 2 2 1 0 1 41 50 48 48 32 83 230 1132 969 0 0 0 0 0 0 3900 
3900 0 0 0 0 0 4 2244 92 1450 1937 669 1093 961 865 916 820 896 1063 873 348 136 111 108 122 119 115 115 126 114 121 111 105 111 157 487 547 507 514 508 518 550 271 130 113 130 135 112 121 117 115 113 121 127 123 85 62 126 496 519 524 538 221 660 840 696 687 0 0 0 0 0 0 3900 
3900 0 0 0 0 0 1032 915 1591 26 25 989 249 275 6 1 74 92 284 942 1202 777 758 758 753 749 751 746 754 749 751 746 751 754 833 1058 867 860 860 852 849 974 1060 773 746 751 746 754 746 751 746 753 747 757 790 762 770 1120 1437 863 883 1322 225 2016 841 444 2330 51 0 0 0 0 0 3900 
3900 0 0 0 0 0 1212 146 543 6 15 466 104 468 14 1 0 0 3 14 107 318 306 301 305 299 299 304 305 303 295 386 406 396 438 56 15 20 19 19 19 12 215 357 291 300 301 305 301 305 301 302 299 299 300 513 586 668 22 3 76 251 406 128 10 1551 524 1467 0 0 0 0 0 3900 
3900 0 0 0 0 261 1539 813 229 2 5 596 46 1321 635 450 55 20 20 1 3 0 0 0 0 4 4 3 3 4 6 703 922 893 868 809 849 776 779 782 784 780 935 178 1 4 4 3 3 3 3 4 3 5 4 5 4 3 1 7 146 517 346 180 1 475 698 1564 0 0 0 0 0 3900 
3900 0 0 0 0 1540 125 905 10 0 9 474 667 162 52 351 1266 755 881 978 703 334 397 199 81 18 5 0 0 7 596 972 13 1 0 1 1 1 0 0 0 2 269 913 123 1 0 0 0 1 1 5 9 12 14 2 171 95 349 511 1437 192 914 7 0 40 1029 1217 727 0 0 0 0 3900 
3900 0 0 0 511 1557 1115 344 2 0 24 999 902 1558 1147 1496 895 374 667 437 915 682 507 160 1143 872 501 25 9 3 9 706 925 897 894 889 903 817 820 821 823 752 854 147 2 1 8 3 35 132 105 372 870 889 889 1252 267 83 235 91 95 1047 831 17 0 10 658 132 2099 0 0 0 0 3900 
3900 0 0 0 971 251 997 15 1 6 467 586 1528 0 415 1633 290 172 73 328 51 230 1198 141 944 1046 552 904 773 436 441 578 587 629 696 583 225 245 243 243 236 2 3 53 4 157 453 919 230 744 791 1142 754 1148 605 1041 705 330 836 1051 1289 1440 970 148 2 3 115 1489 1056 1030 0 0 0 3900 
3900 0 0 114 2605 67 934 19 12 83 1175 122 1695 0 1239 1278 11 138 267 19 176 1532 1032 1726 536 1125 1047 1172 75 85 53 53 56 53 45 149 116 37 36 34 272 665 521 183 625 602 1148 809 31 472 424 124 273 98 110 396 1285 433 170 0 0 1286 205 601 9 0 11 553 50 1127 1 0 0 3900 
3900 0 181 2646 1279 721 1695 149 533 1256 1354 26 2817 481 1440 773 88 10 123 182 876 2183 2150 1025 136 2168 583 489 1164 796 824 828 824 886 978 949 434 431 431 435 795 317 151 207 70 426 424 663 1027 1706 1065 95 96 221 245 45 1446 1008 0 0 0 1275 71 1272 76 7 9 453 272 1950 528 0 0 3900 
3900 158 1737 1204 222 115 630 990 1126 362 117 204 685 1892 797 516 81 69 63 273 1351 543 874 32 830 1368 1 0 0 0 0 0 0 0 0 15 106 91 91 89 144 841 811 384 963 986 1752 19 1360 1276 2349 584 119 221 22 92 821 1490 8 0 297 2647 215 1232 1353 806 39 1574 852 598 2522 589 0 3900 
3900 307 1486 402 6 2 144 335 203 69 7 39 133 806 14 263 78 77 261 114 1315 2176 2586 1550 169 2241 521 0 0 0 0 0 0 0 0 0 0 0 0 0 0 0 0 0 0 39 1558 636 80 918 487 1338 174 51 92 69 565 1343 116 56 2660 929 136 103 346 1153 974 884 215 143 667 2051 448 3900 
3900 1304 1175 106 1 0 69 2 72 4 1 0 24 558 137 1548 128 259 401 272 300 2235 797 2407 740 949 1216 62 0 0 0 0 0 0 0 0 0 0 0 0 0 0 0 0 0 172 2072 504 1204 2676 1412 1191 189 194 57 138 336 1262 179 1406 1738 211 34 13 50 281 498 198 7 1 202 1198 688 3900 
3900 1794 394 10 0 1 76 10 89 4 2 2 3 160 1153 1046 1505 522 266 531 27 1082 1141 1090 1868 1005 1313 12 0 0 0 0 0 0 0 0 0 0 0 0 0 0 0 0 22 1337 1291 467 2351 336 2419 345 165 521 148 103 1604 1369 1 1705 978 86 2 0 3 83 8 70 4 0 79 1034 1735 3900 
3900 1224 100 0 0 2 127 165 264 205 27 3 1 125 1078 91 1203 5 440 147 217 1193 1252 110 1491 1361 482 0 0 0 0 0 0 0 0 0 0 0 0 0 0 0 0 0 54 1135 743 1495 1394 1164 1078 62 615 96 607 1116 2434 41 342 1261 289 2 0 0 1 68 6 77 3 0 5 251 2158 3900 
3900 1048 60 1 0 2 177 728 1274 505 368 61 1 150 1058 149 2608 919 434 904 1207 2723 238 0 104 464 0 0 0 0 0 0 0 0 0 0 0 0 0 0 0 0 0 0 0 1005 1354 2132 235 1196 1015 156 158 393 22 1198 1195 0 285 1165 296 10 0 22 182 230 289 93 1 1 0 114 1217 3900 
3900 1051 56 0 3 3 368 1210 528 2125 1348 293 61 248 1173 701 203 1600 1060 1380 1471 248 0 0 0 0 0 0 0 0 0 0 0 0 0 0 0 0 0 0 0 0 0 0 0 0 962 235 0 568 2581 724 530 109 410 2329 341 0 291 1178 291 7 30 283 476 1204 1104 261 15 1 1 85 1022 3900 
3900 1032 67 0 1 1 82 1317 1498 122 1394 2061 397 1378 2103 211 0 17 211 10 0 0 0 0 0 0 0 0 0 0 0 0 0 0 0 0 0 0 0 0 0 0 0 0 0 0 0 0 0 0 634 1440 1671 938 1792 563 7 0 346 1232 346 11 252 1202 2101 794 1044 761 11 0 1 81 995 3900 
3900 1037 64 0 1 1 8 352 1882 384 16 1073 1207 1671 211 0 0 0 0 0 0 0 0 0 0 0 0 0 0 0 0 0 0 0 0 0 0 0 0 0 0 0 0 0 0 0 0 0 0 0 0 67 58 589 211 6 0 0 39 1799 1808 355 1643 2185 138 868 1744 137 1 0 0 83 995 3900 
3900 1080 70 0 0 0 2 30 1304 1346 0 16 272 2 0 0 0 0 0 0 0 0 0 0 0 0 0 0 0 0 0 0 0 0 0 0 0 0 0 0 0 0 0 0 0 0 0 0 0 0 0 0 0 0 0 0 0 0 0 37 1678 1107 1639 63 108 1639 668 31 0 0 1 84 995 3900 
3900 1959 223 6 0 0 0 3 195 2067 1060 12 0 0 0 0 0 0 0 0 0 0 0 0 0 0 0 0 0 0 0 0 0 0 0 0 0 0 0 0 0 0 0 0 0 0 0 0 0 0 0 0 0 0 0 0 0 0 0 0 0 234 61 0 678 1668 115 0 0 0 0 80 1058 3900 
3900 1690 1107 70 1 0 0 2 7 314 1661 2043 11 0 0 0 0 0 0 0 0 0 0 0 0 0 0 0 0 0 0 0 0 0 0 0 0 0 0 0 0 0 0 0 0 0 0 0 0 0 0 0 0 0 0 0 0 0 0 0 0 0 0 643 2070 525 24 0 0 2 7 174 1713 3900 
3900 781 1843 225 5 0 0 1 0 12 295 1447 2876 3 0 0 0 0 0 0 0 0 0 0 0 0 0 0 0 0 0 0 0 0 0 0 0 0 0 0 0 0 0 0 0 0 0 0 0 0 0 0 0 0 0 0 0 0 0 0 0 0 1726 1721 644 33 1 0 0 1 22 727 2027 3900 
3900 4 1865 1124 139 9 2 41 85 66 92 208 2228 1493 0 0 0 0 0 0 0 0 0 0 0 0 0 0 0 0 0 0 0 0 0 0 0 0 0 0 0 0 0 0 0 0 0 0 0 0 0 0 0 0 0 0 0 0 0 0 0 2338 1706 313 20 2 0 0 0 4 167 1391 1174 3900 
3900 0 269 2049 788 264 246 716 1006 983 1044 880 2494 1513 0 0 0 0 0 0 0 0 0 0 0 0 0 0 0 0 0 0 0 0 0 0 0 0 0 0 0 0 0 0 0 0 0 0 0 0 0 0 0 0 0 0 0 0 0 0 1144 2199 185 82 65 84 56 2 6 68 686 2084 104 3900 
3900 0 0 432 1326 1223 1221 1655 1400 1356 1356 1368 1513 23 0 0 0 0 0 0 0 0 0 0 0 0 0 0 0 0 0 0 0 0 0 0 0 0 0 0 0 0 0 0 0 0 0 0 0 0 0 0 0 0 0 0 0 0 0 0 1343 2199 857 1045 1004 978 881 273 244 486 1849 751 0 3900 
3900 0 0 0 178 361 398 39 0 0 0 0 23 0 0 0 0 0 0 0 0 0 0 0 0 0 0 0 0 0 0 0 0 0 0 0 0 0 0 0 0 0 0 0 0 0 0 0 0 0 0 0 0 0 0 0 0 0 0 0 24 1351 1398 1364 1355 1375 1710 1279 1155 1273 940 0 0 3900 
3900 3900 3900 3900 3900 3900 3900 3900 3900 3900 3900 3900 3900 3900 3900 3900 3900 3900 3900 3900 3900 3900 3900 3900 3900 3900 3900 3900 3900 3900 3900 3900 3900 3900 3900 3900 3900 3900 3900 3900 3900 3900 3900 3900 3900 3900 3900 3900 3900 3900 3900 3900 3900 3900 3900 3900 3900 3900 3900 3900 3900 3900 3900 3900 3900 3900 3900 3900 3900 3900 3900 3900 3900 3900 
